%YAML:1.0
aruco_bc_nmarkers: 16
aruco_bc_mInfoType: 1
aruco_bc_markers:
 - { id: 111, corners: [ [0.425,-1.42,0],[0.425,-0.57,0],[-0.425,-0.57,0],[-0.425,-1.42,0]] }
 - { id: 222, corners: [ [1.42,-0.425,0],[1.42,0.425,0],[0.57,0.425,0],[0.57,-0.425,0]] }
 - { id: 333, corners: [ [0.425,0.57,0],[0.425,1.42,0],[-0.425,1.42,0],[-0.425,0.57,0]] }
 - { id: 444, corners: [ [-0.57,-0.425,0],[-0.57,0.425,0],[-1.42,0.425,0],[-1.42,-0.425,0]] }
 - { id: 555, corners: [ [0.47,0.05,0],[0.47,0.47,0],[0.05,0.47,0],[0.05,0.05,0]] }
 - { id: 667, corners: [ [-0.05,-0.47,0],[-0.05,-0.05,0],[-0.47,-0.05,0],[-0.47,-0.47,0]] }
 - { id: 777, corners: [ [-0.26,0.05,0],[-0.26,0.31,0],[-0.52,0.31,0],[-0.52,0.05,0]] }
 - { id: 888, corners: [ [0.52,-0.31,0],[0.52,-0.05,0],[0.26,-0.05,0],[0.26,-0.31,0]] }
 - { id: 999, corners: [ [-0.05,0.2,0],[-0.05,0.36,0],[-0.21,0.36,0],[-0.21,0.2,0]] }
 - { id: 11, corners: [ [0.21,-0.36,0],[0.21,-0.2,0],[0.05,-0.2,0],[0.05,-0.36,0]] }
 - { id: 22, corners: [ [-0.05,0.05,0],[-0.05,0.15,0],[-0.15,0.15,0],[-0.15,0.05,0]] }
 - { id: 33, corners: [ [0.15,-0.15,0],[0.15,-0.05,0],[0.05,-0.05,0],[0.05,-0.15,0]] }
 - { id: 44, corners: [ [1.17,0.57,0],[1.17,1.17,0],[0.57,1.17,0],[0.57,0.57,0]] }
 - { id: 55, corners: [ [1.17,-1.17,0],[1.17,-0.57,0],[0.57,-0.57,0],[0.57,-1.17,0]] }
 - { id: 66, corners: [ [-0.57,-1.17,0],[-0.57,-0.57,0],[-1.17,-0.57,0],[-1.17,-1.17,0]] }
 - { id: 77, corners: [ [-0.57,0.57,0],[-0.57,1.17,0],[-1.17,1.17,0],[-1.17,0.57,0]] }

