%YAML:1.0
aruco_bc_nmarkers: 10
aruco_bc_mInfoType: 1
aruco_bc_markers:
   - { id:11, corners:[ [ -0.391, 0.749, 0. ], [ -0.391, 0.044, 0. ], [
       0.314, 0.044, 0. ], [ 0.314, 0.749, 0. ] ] }
   - { id:22, corners:[ [ -0.42, -0.038, 0. ], [ -0.42, -0.42, 0. ], [
       -0.038, -0.42, 0. ], [ -0.038, -0.038, 0. ] ] }
   - { id:33, corners:[ [ 0.013, -0.299, 0. ], [ 0.013, -0.61, 0. ], [
       0.325, -0.61, 0. ], [ 0.325, -0.299, 0. ] ] }
   - { id:44, corners:[ [ 0.148, -0.032, 0. ], [ 0.148, -0.231, 0. ], [
       0.347, -0.231, 0. ], [ 0.347, -0.032, 0. ] ] }
   - { id:55, corners:[ [ -0.023, -0.087, 0. ], [ -0.023, -0.237, 0. ], [
       0.127, -0.237, 0. ], [ 0.127, -0.087, 0. ] ] }
   - { id:66, corners:[ [ 0.023, -0.006, 0. ], [ 0.023, -0.076, 0. ], [
       0.093, -0.076, 0. ], [ 0.093, -0.006, 0. ] ] }
   - { id:77, corners:[ [ -0.328, -0.455, 0. ], [ -0.328, -0.677, 0. ], [
       -0.106, -0.677, 0. ], [ -0.106, -0.455, 0. ] ] }       
   - { id:111, corners:[ [ 1.075, -0.582, 0. ], [ 1.075, -0.032, 0. ], [
       0.525, -0.032, 0. ], [ 0.525, -0.582, 0. ] ] }
   - { id:222, corners:[ [ -1.152, -0.038, 0. ], [-1.152, -0.588, 0. ], [
       -0.602, -0.588, 0. ], [ -0.602, -0.038, 0. ] ] }
   - { id:333, corners:[ [ -0.225, -1.44, 0. ], [ 0.325, -1.44, 0. ], [
       0.325, -0.89, 0. ], [ -0.225, -0.89, 0. ] ] }