%YAML:1.0
aruco_bc_nmarkers: 16
aruco_bc_mInfoType: 1
aruco_bc_markers:
   - { id:111, corners:[ [ -4.2499999999999999e-01,
       1.4199999999999999e+00, 0. ], [ -4.2499999999999999e-01,
       5.7000000000000006e-01, 0. ], [ 4.2499999999999999e-01,
       5.7000000000000006e-01, 0. ], [ 4.2499999999999999e-01,
       1.4199999999999999e+00, 0. ] ] }
   - { id:222, corners:[ [ -1.4199999999999999e+00,
       4.2499999999999999e-01, 0. ], [ -1.4199999999999999e+00,
       -4.2499999999999999e-01, 0. ], [ -5.7000000000000006e-01,
       -4.2499999999999999e-01, 0. ], [ -5.7000000000000006e-01,
       4.2499999999999999e-01, 0. ] ] }
   - { id:333, corners:[ [ -4.2499999999999999e-01,
       -5.7000000000000006e-01, 0. ], [ -4.2499999999999999e-01,
       -1.4199999999999999e+00, 0. ], [ 4.2499999999999999e-01,
       -1.4199999999999999e+00, 0. ], [ 4.2499999999999999e-01,
       -5.7000000000000006e-01, 0. ] ] }
   - { id:444, corners:[ [ 5.7000000000000006e-01,
       4.2499999999999999e-01, 0. ], [ 5.7000000000000006e-01,
       -4.2499999999999999e-01, 0. ], [ 1.4199999999999999e+00,
       -4.2499999999999999e-01, 0. ], [ 1.4199999999999999e+00,
       4.2499999999999999e-01, 0. ] ] }
   - { id:555, corners:[ [ -4.6999999999999997e-01,
       -5.0000000000000017e-02, 0. ], [ -4.6999999999999997e-01,
       -4.6999999999999997e-01, 0. ], [ -5.0000000000000017e-02,
       -4.6999999999999997e-01, 0. ], [ -5.0000000000000017e-02,
       -5.0000000000000017e-02, 0. ] ] }
   - { id:667, corners:[ [ 5.0000000000000017e-02,
       4.6999999999999997e-01, 0. ], [ 5.0000000000000017e-02,
       5.0000000000000017e-02, 0. ], [ 4.6999999999999997e-01,
       5.0000000000000017e-02, 0. ], [ 4.6999999999999997e-01,
       4.6999999999999997e-01, 0. ] ] }
   - { id:777, corners:[ [ 2.6000000000000001e-01,
       -4.9999999999999989e-02, 0. ], [ 2.6000000000000001e-01,
       -3.1000000000000000e-01, 0. ], [ 5.2000000000000002e-01,
       -3.1000000000000000e-01, 0. ], [ 5.2000000000000002e-01,
       -4.9999999999999989e-02, 0. ] ] }
   - { id:888, corners:[ [ -5.2000000000000002e-01,
       3.1000000000000000e-01, 0. ], [ -5.2000000000000002e-01,
       4.9999999999999989e-02, 0. ], [ -2.6000000000000001e-01,
       4.9999999999999989e-02, 0. ], [ -2.6000000000000001e-01,
       3.1000000000000000e-01, 0. ] ] }
   - { id:999, corners:[ [ 5.0000000000000003e-02,
       -2.0000000000000001e-01, 0. ], [ 5.0000000000000003e-02,
       -3.6000000000000004e-01, 0. ], [ 2.1000000000000002e-01,
       -3.6000000000000004e-01, 0. ], [ 2.1000000000000002e-01,
       -2.0000000000000001e-01, 0. ] ] }
   - { id:11, corners:[ [ -2.1000000000000002e-01,
       3.6000000000000004e-01, 0. ], [ -2.1000000000000002e-01,
       2.0000000000000001e-01, 0. ], [ -5.0000000000000003e-02,
       2.0000000000000001e-01, 0. ], [ -5.0000000000000003e-02,
       3.6000000000000004e-01, 0. ] ] }
   - { id:22, corners:[ [ 5.0000000000000003e-02,
       -5.0000000000000003e-02, 0. ], [ 5.0000000000000003e-02,
       -1.5000000000000002e-01, 0. ], [ 1.5000000000000002e-01,
       -1.5000000000000002e-01, 0. ], [ 1.5000000000000002e-01,
       -5.0000000000000003e-02, 0. ] ] }
   - { id:33, corners:[ [ -1.5000000000000002e-01,
       1.5000000000000002e-01, 0. ], [ -1.5000000000000002e-01,
       5.0000000000000003e-02, 0. ], [ -5.0000000000000003e-02,
       5.0000000000000003e-02, 0. ], [ -5.0000000000000003e-02,
       1.5000000000000002e-01, 0. ] ] }
   - { id:44, corners:[ [ -1.1699999999999999e+00,
       -5.7000000000000006e-01, 0. ], [ -1.1699999999999999e+00,
       -1.1699999999999999e+00, 0. ], [ -5.7000000000000006e-01,
       -1.1699999999999999e+00, 0. ], [ -5.7000000000000006e-01,
       -5.7000000000000006e-01, 0. ] ] }
   - { id:55, corners:[ [ -1.1699999999999999e+00,
       1.1699999999999999e+00, 0. ], [ -1.1699999999999999e+00,
       5.7000000000000006e-01, 0. ], [ -5.7000000000000006e-01,
       5.7000000000000006e-01, 0. ], [ -5.7000000000000006e-01,
       1.1699999999999999e+00, 0. ] ] }
   - { id:66, corners:[ [ 5.7000000000000006e-01, 1.1699999999999999e+00,
       0. ], [ 5.7000000000000006e-01, 5.7000000000000006e-01, 0. ], [
       1.1699999999999999e+00, 5.7000000000000006e-01, 0. ], [
       1.1699999999999999e+00, 1.1699999999999999e+00, 0. ] ] }
   - { id:77, corners:[ [ 5.7000000000000006e-01,
       -5.7000000000000006e-01, 0. ], [ 5.7000000000000006e-01,
       -1.1699999999999999e+00, 0. ], [ 1.1699999999999999e+00,
       -1.1699999999999999e+00, 0. ], [ 1.1699999999999999e+00,
       -5.7000000000000006e-01, 0. ] ] }
