%YAML:1.0
aruco_bc_nmarkers: 2
aruco_bc_mInfoType: 1
aruco_bc_markers:
 - { id: 101, corners: [[0.05,0.002,0],[0.05,0.102,0],[-0.05,0.102,0],[-0.05,0.002,0]] }
 - { id: 201, corners: [[0.05,-0.102,0],[0.05,-0.002,0],[-0.05,-0.002,0],[-0.05,-0.102,0]] }
